     0/149    0.1011   0.03295   0.06317    0.1972        56       512         0         0         0         0   0.08357   0.03401   0.06102
     1/149   0.09482   0.03292   0.06082    0.1886       137       512         0         0         0         0   0.08145   0.03455   0.05871
     2/149   0.09228   0.03042   0.05915    0.1818        50       512         0         0         0         0   0.08176   0.03435   0.05772
     3/149    0.0886   0.03607    0.0573     0.182        53       512 9.505e-05   0.01348 1.165e-05  1.43e-06   0.09906   0.04627   0.06007
     4/149   0.08629   0.03567   0.05713    0.1791        32       512 9.625e-05  0.009416 1.249e-05 2.351e-06    0.1014   0.04589   0.06382
     5/149   0.08703   0.03503   0.05647    0.1785        60       512 0.0006719 0.0004878 7.208e-06 1.749e-06   0.09635   0.02978   0.05543
     6/149   0.08564   0.03467   0.05664     0.177        57       512 0.0002229   0.04011 6.363e-05 9.532e-06   0.08263   0.03404   0.05449
     7/149   0.08609   0.03811    0.0563    0.1805        91       512  0.000215   0.04287 8.495e-05 1.417e-05   0.08437   0.03315    0.0543
     8/149     0.085   0.03786   0.05605    0.1789        56       512 0.0002796   0.05018  0.000119 1.609e-05   0.08255   0.03393   0.05456
     9/149   0.08498   0.03543   0.05626    0.1767        85       512  0.000736   0.05084 0.0001911 3.022e-05   0.08184   0.03412   0.05464
    10/149   0.08396   0.03796    0.0556    0.1775        60       512 0.0006836   0.05019 0.0002218 3.197e-05   0.08073   0.03452   0.05425
    11/149   0.08558   0.03705   0.05576    0.1784        78       512 0.0006412   0.06092  0.000392 5.731e-05   0.08371   0.03315   0.05353
    12/149   0.08554   0.03589   0.05515    0.1766       114       512    0.2012  0.007317 0.0003798 6.315e-05   0.08373   0.03295   0.05245
    13/149   0.08434    0.0361   0.05391    0.1744        55       512    0.3023   0.01463  0.001181 0.0001956   0.08083   0.03407   0.05133
    14/149   0.08413   0.03482   0.05401     0.173        59       512    0.4035   0.01024  0.001808 0.0003058   0.08099   0.03373   0.04986
    15/149   0.08281    0.0358   0.05273    0.1713        44       512    0.5094   0.01268  0.005379 0.0009411   0.08039   0.03343   0.04926
    16/149   0.08336   0.03558   0.05245    0.1714        58       512    0.7223      0.02   0.01275  0.003338   0.07842   0.03362   0.04747
    17/149   0.08254   0.03492   0.05127    0.1687        69       512    0.8371   0.01805   0.01628  0.003821   0.07878    0.0333   0.04569
    18/149   0.08027   0.03692   0.04955    0.1667        84       512    0.7245   0.03807   0.01797  0.004633   0.07595   0.03366   0.04434
    19/149      0.08   0.03451   0.04882    0.1633        98       512    0.7279   0.03519   0.01299  0.004141   0.07511   0.03303   0.04618
    20/149   0.07867   0.03586   0.04807    0.1626        52       512    0.7342   0.02785   0.01557  0.003923   0.07571   0.03296   0.04248
    21/149   0.07897   0.03727   0.04678     0.163        95       512    0.7406   0.03886   0.03014  0.009826   0.07736   0.03084   0.04379
    22/149   0.07636   0.03524     0.045    0.1566        71       512    0.7363   0.04317   0.03098   0.01111   0.07243   0.03222   0.04155
    23/149   0.07792   0.03502   0.04428    0.1572        57       512    0.3263   0.09704   0.01288  0.003091   0.08315   0.02959   0.04377
    24/149   0.07715   0.03402   0.04302    0.1542        55       512    0.7452   0.04891   0.04099   0.01403    0.0717   0.03108   0.03886
    25/149   0.07399   0.03595   0.04264    0.1526        67       512     0.552    0.1135   0.04746   0.01374   0.07038   0.03111   0.04059
    26/149   0.07532   0.03437   0.03947    0.1492        87       512    0.8477   0.05571    0.0387   0.01098   0.07716    0.0295   0.03859
    27/149   0.07372   0.03314   0.03961    0.1465        58       512    0.6086    0.1123   0.06754   0.01869   0.07137   0.03004   0.03802
    28/149   0.07473   0.03353   0.03854    0.1468        56       512    0.7498   0.08992   0.08297    0.0217   0.07271   0.02858   0.03533
    29/149   0.07462   0.03204   0.03834     0.145        65       512    0.7768   0.08817    0.0741   0.01976   0.06935   0.02981   0.03557
    30/149   0.07184     0.035   0.03398    0.1408        80       512    0.5981    0.1762   0.09946   0.02441    0.0694    0.0295   0.03261
    31/149   0.07086   0.03369   0.03317    0.1377        48       512    0.7278    0.1181   0.08784   0.02315   0.07344   0.02917   0.03659
    32/149   0.07101   0.03304   0.03161    0.1357        82       512    0.6069    0.1566    0.1007   0.02687   0.06722   0.02887   0.03057
    33/149   0.07137   0.03159   0.03118    0.1341        31       512    0.6415    0.1432    0.1035   0.03438   0.06752     0.031   0.03045
    34/149   0.06975   0.03228   0.03078    0.1328        35       512    0.6126    0.2064    0.1217   0.04121   0.07039   0.03448   0.03254
    35/149   0.06921   0.03138   0.02843     0.129        80       512    0.5398    0.2105    0.1449   0.04218   0.06521   0.02911    0.0272
    36/149   0.06887   0.03086   0.02818    0.1279       120       512    0.5276    0.1872    0.1448   0.05047    0.0686   0.02707   0.02578
    37/149   0.06935   0.03226   0.02724    0.1289        78       512    0.5866    0.1747    0.1522   0.04899   0.07103   0.02742   0.02662
    38/149   0.06714    0.0296   0.02593    0.1227        56       512    0.2122    0.2378    0.1025    0.0293   0.06945   0.02951   0.02644
    39/149    0.0671   0.03119   0.02588    0.1242        72       512    0.5726    0.1904    0.1383   0.03382     0.065   0.02906   0.02209
    40/149   0.06734   0.03088     0.024    0.1222        59       512    0.5581     0.263     0.213   0.06692   0.06086   0.02749   0.02173
    41/149   0.06549   0.02933   0.02294    0.1178        88       512    0.4183    0.2604     0.169   0.05009   0.06548     0.026   0.02198
    42/149   0.06525   0.02973   0.02237    0.1173        54       512    0.6307    0.2381    0.2138   0.07272   0.05945   0.02828   0.01968
    43/149   0.06332   0.02997   0.02086    0.1142        71       512    0.5091    0.2701    0.2109   0.05818   0.06188   0.02557   0.01751
    44/149   0.06298   0.02975   0.02058    0.1133        73       512    0.4648    0.2896    0.1977   0.06931   0.06301   0.02807    0.0213
    45/149   0.06228   0.02872    0.0192    0.1102        70       512    0.5368    0.2116    0.2112   0.07993   0.06194   0.02599   0.01887
    46/149   0.06324   0.02939   0.01926    0.1119        67       512    0.4742    0.2452    0.1683   0.04927   0.07339    0.0275    0.0278
    47/149   0.06349   0.02876    0.0197     0.112       101       512    0.6144    0.1849    0.1725   0.04902   0.06435   0.02713   0.02229
    48/149   0.06117   0.02873   0.01825    0.1082        65       512    0.4704    0.3225    0.2397   0.08226    0.0584   0.02527   0.01502
    49/149   0.06083   0.02795   0.01745    0.1062        73       512    0.3733    0.3287     0.255   0.08541   0.05956   0.02596   0.01727
    50/149   0.06015   0.02776   0.01673    0.1046        48       512    0.6711    0.2268     0.248   0.09105   0.06088   0.02692   0.01453
    51/149   0.06166   0.02977   0.02052    0.1119       106       512    0.4377    0.2881    0.2576   0.08791   0.06652   0.02532   0.01633
    52/149   0.05989   0.02982   0.01494    0.1047       116       512     0.495    0.3354    0.2943    0.1047    0.0574    0.0239   0.01284
    53/149   0.06068   0.02862   0.01504    0.1043        83       512     0.512    0.3475     0.284   0.09065   0.05997   0.02377   0.01099
    54/149   0.05974   0.02712   0.01531    0.1022        61       512    0.5245    0.3279    0.2695   0.09792   0.06055   0.02688   0.01307
    55/149   0.05877   0.02611    0.0154    0.1003        80       512    0.3226    0.3566    0.2933      0.11   0.06167   0.02156   0.01074
    56/149   0.05827   0.02469   0.01442   0.09738        66       512    0.5159    0.3698    0.3119    0.1016   0.05585   0.02337   0.01348
    57/149   0.05717   0.02529   0.01387   0.09632        44       512     0.489     0.429    0.3438     0.116   0.05587   0.02475  0.008744
    58/149   0.05684   0.02734   0.01347   0.09765       160       512    0.4633     0.434    0.3412    0.1235   0.05484   0.02281  0.009971
    59/149   0.05624   0.02506   0.01341   0.09472        52       512    0.4539    0.4258    0.3141    0.1013   0.05561   0.02191  0.008948
    60/149   0.05687   0.02598   0.01313   0.09598        47       512    0.4911    0.3868      0.34    0.1358   0.05525   0.02343   0.00956
    61/149   0.05555    0.0259    0.0117   0.09315        73       512     0.528    0.4162    0.3855    0.1432   0.05182   0.02271  0.008276
    62/149   0.05433   0.02615   0.01254   0.09302        56       512    0.5397    0.4444    0.3924    0.1418   0.05211   0.02178  0.008436
    63/149   0.05582   0.02675   0.01187   0.09445        74       512    0.5125    0.4176    0.3604     0.135   0.05251   0.02153  0.007293
    64/149   0.05644   0.02554   0.01184   0.09383        88       512    0.4494    0.4609    0.3864    0.1491   0.05468     0.023  0.008699
    65/149   0.05471   0.02579   0.01153   0.09203       127       512    0.3529    0.4708    0.3399    0.1222    0.0552   0.02219  0.009866
    66/149   0.05453   0.02648   0.01165   0.09266        65       512    0.5099    0.4227    0.3725    0.1325   0.05255    0.0231  0.008847
    67/149   0.05173   0.02462   0.01097   0.08732        50       512    0.5533    0.4285    0.4003    0.1541   0.05158   0.02242  0.008038
    68/149    0.0541    0.0256    0.0105    0.0902        77       512     0.529     0.436    0.3846    0.1426    0.0512   0.02345  0.008555
    69/149    0.0521    0.0257   0.01138   0.08917        68       512    0.5926    0.4504    0.4334    0.1643    0.0508   0.02173  0.007701
    70/149   0.05243   0.02598   0.01051   0.08893       139       512    0.5227    0.4042    0.3865    0.1644   0.05253    0.0213  0.006342
    71/149   0.05209    0.0249   0.01086   0.08785        62       512    0.5602    0.4569    0.4332    0.1681   0.04908   0.02118  0.006302
    72/149   0.05118   0.02522   0.01144   0.08784        42       512    0.4685     0.457    0.3847    0.1467   0.05151   0.02299   0.01411
    73/149   0.05086   0.02503  0.009585   0.08547        84       512    0.5569    0.5129    0.4652    0.1867   0.05078   0.02108  0.006335
    74/149   0.05179   0.02574  0.009423   0.08696        48       512    0.5854     0.519     0.465    0.1782   0.04944    0.0207  0.005962
    75/149   0.05086    0.0247   0.01026   0.08582        47       512    0.5757    0.4864    0.4631    0.1779   0.04846   0.02191  0.006026
    76/149   0.05015   0.02369  0.009347   0.08319        44       512    0.5442    0.5236    0.4629     0.167   0.04934   0.02141  0.006213
    77/149   0.05029   0.02553  0.008881    0.0847       114       512    0.5776    0.5186     0.455    0.1868   0.04745   0.02115   0.00566
    78/149   0.05076   0.02344  0.009621   0.08382        81       512    0.6275    0.4361    0.4541    0.1964   0.04966   0.02239  0.008234
    79/149   0.04931   0.02425  0.008114   0.08168        56       512    0.5573    0.4999     0.427    0.1774     0.048   0.02367  0.007306
    80/149   0.04937   0.02405  0.007792   0.08121        68       512    0.5325    0.5224    0.4907    0.2053   0.04716   0.01985  0.006261
    81/149   0.04807    0.0237  0.008388   0.08015       122       512    0.5574    0.4959    0.4645    0.1835   0.04637   0.02024  0.005523
    82/149   0.04923   0.02302   0.00778   0.08003       103       512    0.5641    0.5483    0.5193    0.2014   0.04594   0.02099  0.004779
    83/149   0.04806   0.02249  0.007474   0.07802        40       512    0.5962    0.5399    0.5121    0.2154   0.04566   0.02061  0.004661
    84/149   0.04874    0.0229  0.007508   0.07914        64       512    0.5486    0.5391     0.499    0.1999   0.04626   0.01959  0.004556
    85/149   0.04748   0.02288  0.007396   0.07775        75       512     0.582    0.5446    0.5063    0.2031   0.04927    0.0202    0.0045
    86/149   0.04631   0.02256  0.007246   0.07612        77       512    0.5918    0.5334    0.5298    0.2264   0.04709   0.01962  0.006701
    87/149   0.04672   0.02381  0.007474   0.07801        90       512    0.6512    0.5208     0.512    0.2185   0.04554   0.01973  0.004469
    88/149   0.04732   0.02305  0.007353   0.07772        52       512    0.5582    0.5129    0.4958    0.2199   0.04705   0.01975  0.006229
    89/149   0.04634   0.02281  0.006434   0.07558        65       512    0.6234    0.5156    0.4998    0.2248   0.04428   0.02019  0.004589
    90/149   0.04607   0.02316  0.007063    0.0763        94       512      0.65     0.524    0.5204    0.2285   0.04496   0.01963  0.005116
    91/149   0.04651   0.02325  0.006508   0.07627       168       512    0.6163    0.5631    0.5385    0.2327    0.0448   0.01926  0.004453
    92/149    0.0461   0.02297  0.006511   0.07558        61       512    0.5594    0.5284    0.5102    0.2035   0.04545   0.02011   0.00518
    93/149   0.04544   0.02273  0.006401   0.07458        58       512    0.5911    0.5543    0.5209     0.226   0.04573   0.01941  0.004381
    94/149   0.04556   0.02288  0.006413   0.07485        60       512    0.5405    0.5402    0.5052    0.2218   0.04582   0.01929  0.005876
    95/149   0.04438   0.02078  0.006696   0.07185        55       512    0.6797     0.553    0.5546    0.2528   0.04304   0.01875  0.003463
    96/149   0.04491   0.02152   0.00606   0.07249        56       512    0.6568    0.5273    0.5399    0.2474   0.04296   0.01907  0.004164
    97/149   0.04446   0.02295  0.005845   0.07325       101       512    0.6409    0.5628    0.5401    0.2561   0.04239   0.01891  0.004456
    98/149   0.04293   0.02127  0.005773   0.06997        72       512    0.5852    0.5719    0.5259    0.2449   0.04191    0.0188  0.004117
    99/149   0.04381   0.02357  0.005304   0.07268        95       512    0.6409    0.5562    0.5532     0.256   0.04222   0.01894  0.003233
   100/149   0.04348   0.02272  0.005658   0.07186       101       512    0.6293    0.5561    0.5416    0.2354   0.04387   0.01919  0.004127
   101/149   0.04349   0.02164  0.005283   0.07041        63       512    0.6305    0.5687    0.5411    0.2497   0.04328   0.01927  0.003401
   102/149   0.04325   0.02205  0.005762   0.07107        44       512    0.6314    0.5833      0.56    0.2533   0.04248   0.01892  0.002998
   103/149   0.04373   0.02169  0.005098   0.07052        51       512    0.6087    0.5593    0.5436    0.2439   0.04239   0.01826  0.003954
   104/149   0.04276   0.02109  0.004828   0.06868        77       512    0.6141    0.6057    0.5589    0.2722    0.0403   0.01859  0.003414
   105/149   0.04142   0.02091  0.005518   0.06785        47       512    0.6345    0.5822    0.5611    0.2617   0.04149   0.01855  0.002553
   106/149    0.0426   0.02193  0.005246   0.06978        43       512    0.6369    0.5855    0.5645    0.2598   0.04206   0.01841  0.002851
   107/149    0.0432   0.02133  0.005341   0.06988        79       512    0.6676    0.5762    0.5578    0.2591   0.04171   0.01885   0.00327
   108/149   0.04229   0.02174   0.00456   0.06859        69       512    0.6046    0.6021    0.5707    0.2608   0.04219   0.01868  0.003082
   109/149   0.04263   0.02125  0.004816    0.0687        29       512    0.6164    0.5966    0.5557    0.2519   0.04202   0.01834  0.003285
   110/149   0.04264   0.02086  0.004635   0.06814        79       512    0.6841    0.5549    0.5594    0.2716   0.04126   0.01817  0.003214
   111/149   0.04256   0.02194   0.00427   0.06877        69       512    0.6421    0.5855    0.5666    0.2638   0.04218   0.01822  0.003512
   112/149   0.04094   0.02086  0.004689   0.06649        72       512    0.6554    0.5842    0.5683    0.2741   0.04093   0.01817  0.003354
   113/149   0.04111    0.0215  0.004439   0.06705        76       512    0.6607    0.5737     0.566    0.2742   0.04158   0.01877  0.003245
   114/149   0.04209   0.02114  0.004217   0.06744        93       512    0.6797    0.5664    0.5632    0.2607   0.04151   0.01836  0.003176
   115/149   0.04142   0.02093  0.004601   0.06695        38       512    0.6397    0.5817    0.5573    0.2574   0.04231   0.01811  0.003438
   116/149   0.04086   0.02067  0.004256   0.06579        95       512     0.664    0.5778    0.5545     0.259   0.04142   0.01815  0.003306
   117/149   0.04109   0.02104  0.004523   0.06665        70       512    0.6784    0.5707    0.5714    0.2745   0.04089   0.01831  0.003602
   118/149   0.04136   0.02046  0.004146   0.06597        42       512    0.6452    0.6057    0.5741    0.2656   0.04063   0.01821  0.003566
   119/149   0.04069   0.02003  0.004452   0.06517        75       512    0.6074    0.6017     0.565     0.268   0.03991    0.0183  0.003373
   120/149   0.04041   0.01867  0.004487   0.06356        59       512    0.6833    0.5819    0.5721    0.2727    0.0404   0.01824   0.00281
   121/149   0.04074   0.02158  0.004357   0.06667        84       512    0.6297    0.6096    0.5773    0.2861   0.03956   0.01823   0.00289
   122/149   0.04017   0.02119  0.004061   0.06542        71       512    0.6554    0.5675    0.5576    0.2633   0.04044   0.01828  0.003768
   123/149   0.04036   0.02098  0.004269    0.0656        70       512    0.6858     0.577    0.5778    0.2813   0.04052   0.01831  0.002782
   124/149   0.04034    0.0209  0.004086   0.06532        92       512    0.6582    0.5876    0.5838    0.2727   0.04033   0.01799  0.002968
   125/149   0.04053   0.02072  0.004409   0.06566        80       512    0.7053    0.5852    0.5808    0.2824   0.04002   0.01795  0.002856
   126/149    0.0403   0.02157  0.003905   0.06578        74       512    0.6587    0.5879    0.5796    0.2729   0.04015     0.018  0.003225
   127/149   0.03936   0.01946  0.003865   0.06269        55       512    0.6302    0.6088    0.5788    0.2843   0.03966   0.01798  0.002819
   128/149   0.04036   0.02043   0.00389   0.06467        82       512    0.6449    0.5952    0.5807    0.2791   0.03991   0.01803  0.002759
   129/149   0.03918   0.02006  0.003775   0.06302        55       512    0.6751    0.5979     0.581    0.2773   0.04025   0.01794  0.002781
   130/149   0.03914   0.02113  0.003608   0.06388       127       512    0.6308    0.6097    0.5761    0.2785   0.03944   0.01803  0.002927
   131/149    0.0391    0.0194   0.00382   0.06231        77       512    0.6481    0.6092    0.5849    0.2837   0.03929   0.01785  0.002834
   132/149   0.03978   0.02133  0.003686    0.0648        70       512    0.6739    0.6032    0.5832    0.2795   0.03913   0.01793  0.002687
   133/149   0.03874   0.02066  0.004136   0.06354        58       512    0.6874    0.5851    0.5885    0.2775   0.03927   0.01808  0.002868
   134/149   0.03873   0.02048  0.003796   0.06301        87       512    0.6819    0.5839    0.5842    0.2815   0.03956   0.01797  0.002763
   135/149   0.03889   0.02072  0.003821   0.06344        71       512    0.6702    0.5916    0.5855    0.2789    0.0396   0.01785  0.002787
   136/149   0.03848   0.01955  0.003776   0.06181        70       512    0.6484    0.6119    0.5813    0.2816    0.0391   0.01776  0.002655
   137/149   0.03928   0.02072   0.00392   0.06392        96       512    0.6469    0.6143    0.5917    0.2874   0.03935   0.01782  0.002757
   138/149   0.03762   0.02029  0.003389    0.0613       108       512     0.667    0.6132    0.5904    0.2845   0.03939   0.01798  0.002633
   139/149   0.03787   0.02032  0.003833   0.06203        85       512    0.6596    0.6028    0.5745    0.2815   0.03921   0.01793  0.002625
   140/149   0.03809   0.02072  0.003558   0.06238       111       512    0.6621    0.6126    0.5878    0.2866    0.0392   0.01789  0.002636
   141/149   0.03901   0.02013  0.003697   0.06284        64       512    0.6631      0.61    0.5832    0.2845   0.03941   0.01779  0.002766
   142/149   0.03825   0.02104  0.003473   0.06276        99       512    0.6757    0.5975    0.5787    0.2836   0.03931   0.01779  0.002708
   143/149   0.03837    0.0198  0.004098   0.06227        45       512    0.6735    0.5964    0.5768    0.2837   0.03921   0.01784  0.002692
   144/149   0.03845   0.01999  0.003552   0.06199        64       512    0.6899    0.5979    0.5848    0.2848   0.03908   0.01782  0.002607
   145/149   0.03858    0.0207  0.003539   0.06282       121       512     0.677    0.6053    0.5852    0.2834   0.03913   0.01777  0.002695
   146/149   0.03688   0.02063  0.003398   0.06091        66       512    0.6723    0.6035    0.5854    0.2857   0.03914   0.01777  0.002639
   147/149   0.03872   0.02054  0.003105   0.06237        47       512    0.6717    0.6036    0.5848    0.2804   0.03936   0.01776  0.002533
   148/149   0.03818   0.02079  0.003132    0.0621        76       512     0.691    0.5933    0.5861    0.2852   0.03923   0.01773  0.002515
   149/149   0.03829   0.01944  0.003817   0.06155        50       512    0.6866    0.5951    0.5863    0.2773   0.03914   0.01779  0.002334
