     0/149    0.1015   0.03357   0.06372    0.1988        56       512         0         0         0         0   0.08275   0.03511   0.06172
     1/149   0.09346   0.03438   0.06212      0.19       137       512         0         0         0         0   0.07996   0.03541   0.06013
     2/149   0.09263   0.03039   0.06148    0.1845        50       512         0         0         0         0   0.08204   0.03442   0.05903
     3/149   0.08995   0.03518   0.05964    0.1848        53       512         0         0         0         0   0.08213   0.03411   0.05842
     4/149   0.08777   0.03498   0.05891    0.1817        32       512  7.92e-05   0.03929 5.112e-05 7.334e-06   0.07986   0.03514   0.05797
     5/149   0.08902   0.03396   0.05765    0.1806        60       512 7.018e-05   0.03393 4.225e-05 5.299e-06   0.08119   0.03446   0.05749
     6/149   0.08698   0.03423   0.05743    0.1786        57       512 0.0001569    0.0401 5.832e-05 8.789e-06   0.08267   0.03371   0.05585
     7/149   0.08722   0.03764   0.05684    0.1817        91       512 0.0001544   0.03832 7.156e-05 1.131e-05   0.08548   0.03249   0.05488
     8/149   0.08642   0.03732   0.05633    0.1801        56       512 0.0002763   0.04092  8.77e-05 1.151e-05   0.08498   0.03277   0.05368
     9/149   0.08616   0.03508   0.05658    0.1778        85       512 0.0002784   0.04214 5.951e-05 9.999e-06   0.08408    0.0331   0.05337
    10/149   0.08458   0.03786    0.0563    0.1788        60       512 0.0002943   0.02681 6.619e-05 1.306e-05   0.08458    0.0328   0.05346
    11/149   0.08599   0.03689   0.05623    0.1791        78       512 0.0003682    0.0208 7.075e-05 1.201e-05   0.09014   0.03093   0.05395
    12/149   0.08594   0.03585   0.05606    0.1778       114       512 0.0004069   0.02949 9.615e-05 1.493e-05    0.0911   0.03006   0.05256
    13/149   0.08518    0.0356   0.05457    0.1753        55       512 0.0005238   0.04874 0.0001235 1.724e-05   0.08458   0.03262   0.05228
    14/149   0.08543   0.03431    0.0553     0.175        59       512  0.000568   0.04208 0.0001379 1.821e-05   0.08306   0.03298   0.05233
    15/149   0.08374   0.03535   0.05405    0.1731        44       512    0.3025   0.02829  0.001212 0.0002027    0.0833   0.03221    0.0483
    16/149   0.08428    0.0349   0.05337    0.1726        58       512    0.4025   0.03997  0.001004 0.0001947   0.08418   0.03151   0.04719
    17/149   0.08281   0.03445   0.05202    0.1693        69       512    0.7134   0.02807  0.006735  0.001254   0.08259   0.03118    0.0449
    18/149   0.08055   0.03638   0.04998    0.1669        84       512    0.7183   0.03319  0.007017  0.001589   0.07928   0.03129   0.04379
    19/149   0.07985    0.0339   0.04976    0.1635        98       512     0.623   0.04183   0.01084  0.002647   0.07511   0.03193   0.04259
    20/149   0.07844   0.03518   0.04847    0.1621        52       512    0.6192   0.06764   0.01854  0.004342   0.07364   0.03208    0.0426
    21/149   0.07745   0.03696   0.04753    0.1619        95       512    0.6256   0.06033   0.02152  0.006796   0.07675   0.04266   0.04064
    22/149   0.07539   0.03502   0.04602    0.1564        71       512    0.4154    0.1345   0.01916  0.004135   0.07426    0.0317   0.03933
    23/149   0.07557   0.03459   0.04372    0.1539        57       512    0.4446    0.1601   0.04939   0.01261   0.06972   0.03127   0.03752
    24/149     0.075    0.0337   0.04245    0.1512        55       512    0.4869   0.09436   0.04788   0.01445    0.0706   0.03094   0.03722
    25/149   0.07281   0.03536   0.04129    0.1495        67       512     0.557    0.1401    0.0528   0.01301   0.07674   0.02975   0.03677
    26/149   0.07434   0.03378   0.03801    0.1461        87       512    0.7059    0.1181   0.07743   0.01834   0.07059   0.02952   0.03214
    27/149   0.07345   0.03206   0.03804    0.1436        58       512    0.5996    0.1243   0.08308   0.02093   0.07005   0.02931   0.03035
    28/149    0.0733   0.03264   0.03548    0.1414        56       512    0.6197   0.08289   0.05601   0.01415   0.07397   0.02971   0.03288
    29/149   0.07292   0.03133   0.03592    0.1402        65       512     0.722    0.1612   0.09816   0.02597   0.06672   0.02983   0.02804
    30/149   0.07063   0.03407   0.03184    0.1365        80       512    0.7204    0.1791    0.1218   0.03623   0.06633   0.02918   0.02811
    31/149   0.07009   0.03219   0.03089    0.1332        48       512    0.6226    0.2028    0.1224   0.03909   0.06643   0.02779   0.02451
    32/149   0.06885    0.0318   0.02816    0.1288        82       512    0.6483    0.1633    0.1382   0.04359   0.06211   0.02775   0.02458
    33/149   0.06755     0.031    0.0287    0.1272        31       512    0.5604    0.2529    0.1596   0.03951   0.06285   0.02722    0.0236
    34/149   0.06793   0.03094   0.02769    0.1266        35       512    0.4628    0.2385    0.1513   0.05015   0.06843   0.02926   0.02574
    35/149   0.06597   0.03051   0.02544    0.1219        80       512     0.303     0.297    0.1558    0.0377   0.06437   0.02712   0.02265
    36/149   0.06661   0.02954   0.02575    0.1219       120       512    0.4209    0.2242    0.1815    0.0564   0.06471   0.02657   0.02428
    37/149    0.0661   0.03087   0.02405     0.121        78       512     0.471    0.2042    0.1516   0.04812   0.06749   0.02735   0.02185
    38/149   0.06437   0.02866   0.02294     0.116        56       512    0.5535    0.2398    0.1981   0.06329    0.0603   0.02679   0.01962
    39/149   0.06412   0.02991   0.02254    0.1166        72       512    0.4804    0.2652    0.1598   0.04133   0.06201   0.02661   0.01738
    40/149    0.0646   0.02953   0.02113    0.1153        59       512    0.5453    0.2906    0.2183   0.07649   0.06217   0.02558   0.01819
    41/149    0.0637    0.0284   0.02011    0.1122        88       512    0.4298    0.2598    0.2201   0.07418    0.0609   0.02468   0.01706
    42/149   0.06304   0.02875    0.0202     0.112        54       512     0.496    0.3543    0.2597   0.07769   0.05723    0.0242   0.01469
    43/149   0.06167   0.02875   0.01821    0.1086        71       512    0.4018    0.3032    0.2621    0.0848   0.06199   0.03594   0.01677
    44/149    0.0604   0.02888   0.01734    0.1066        73       512    0.4441    0.2727    0.1957   0.05785   0.06273   0.02374    0.0127
    45/149   0.05927   0.02763   0.01611     0.103        70       512    0.5415    0.3015    0.3015    0.1074   0.05469   0.02527   0.01485
    46/149   0.05995   0.02796    0.0161     0.104        67       512    0.4608    0.3605    0.2526   0.08377   0.05942   0.02296   0.01453
    47/149   0.05892   0.02721   0.01555    0.1017       101       512    0.3023    0.4147    0.2709   0.08601     0.058   0.02485   0.01313
    48/149   0.05775   0.02707   0.01449   0.09931        65       512    0.5802    0.3463    0.2684   0.09082   0.05767   0.02707    0.0135
    49/149   0.05852    0.0271   0.01497    0.1006        73       512    0.4632    0.4175    0.3359     0.125   0.05647   0.04049   0.01559
    50/149   0.05735    0.0268   0.01517   0.09932        48       512    0.4967    0.4112    0.3241    0.1052   0.05534   0.02389   0.01068
    51/149   0.05805   0.02855   0.01743     0.104       106       512    0.4604    0.1834    0.1607   0.04519   0.07264   0.02781   0.03182
    52/149   0.05769   0.02876   0.01288   0.09933       116       512    0.4596    0.4028    0.3444     0.122   0.05511   0.03092   0.01266
    53/149   0.05725   0.02761   0.01294    0.0978        83       512    0.3936    0.3962    0.3336    0.1112    0.0588   0.03427   0.01138
    54/149   0.05656   0.02576   0.01226   0.09457        61       512    0.3677    0.4688    0.3553    0.1278   0.05131   0.02253  0.009054
    55/149   0.05536    0.0249   0.01261   0.09288        80       512    0.5374    0.3613    0.3551    0.1266   0.05763   0.02241   0.01012
    56/149    0.0549   0.02386   0.01249   0.09125        66       512    0.4999    0.4133    0.3572    0.1314   0.05232   0.02188  0.008333
    57/149   0.05393   0.02426   0.01176   0.08995        44       512    0.3967    0.4292    0.3834    0.1426   0.05345   0.02287  0.008249
    58/149   0.05469   0.02648   0.01146   0.09263       160       512    0.5274    0.4618    0.4085    0.1424   0.05191   0.02105  0.007655
    59/149   0.05392    0.0239   0.01168    0.0895        52       512    0.5622    0.4492    0.4052    0.1359   0.05241   0.02209  0.008405
    60/149   0.05333   0.02467   0.01125   0.08924        47       512    0.4973    0.4816    0.4049    0.1601   0.05035   0.02165  0.007341
    61/149   0.05302   0.02473   0.01028   0.08803        73       512     0.584    0.4876    0.4569    0.1645   0.04923   0.02118  0.005655
    62/149   0.05094   0.02474    0.0108   0.08649        56       512    0.5586    0.4576    0.4515    0.1658   0.04781   0.02072  0.006074
    63/149   0.05275   0.02556  0.009904   0.08821        74       512    0.5853    0.4624    0.4235    0.1663   0.04992   0.02131  0.007181
    64/149   0.05259   0.02435  0.009705   0.08665        88       512    0.5393    0.4599    0.4534    0.1915   0.04976   0.02133  0.006961
    65/149   0.05147   0.02412   0.00964   0.08523       127       512    0.5458     0.467    0.4113    0.1666   0.05188   0.02152  0.006355
    66/149   0.05079   0.02458  0.009176   0.08454        65       512    0.5698    0.4528    0.4191    0.1324   0.04891   0.02062  0.005544
    67/149   0.04846   0.02283  0.008909    0.0802        50       512    0.6121    0.5267    0.5056    0.2132   0.04678    0.0195  0.005668
    68/149   0.04945   0.02402  0.008161   0.08164        77       512    0.5129    0.4691    0.4414    0.1772   0.04935   0.02303  0.005367
    69/149   0.04873   0.02377  0.008139   0.08064        68       512    0.5641    0.4927    0.4902    0.1951   0.04814   0.02123  0.005117
    70/149   0.04969   0.02442  0.008283   0.08239       139       512    0.6064    0.4754    0.4685    0.2058   0.04668   0.01943  0.005013
    71/149   0.04971   0.02288  0.008854   0.08144        62       512    0.6175    0.4907     0.487    0.1963   0.04784   0.02081   0.00648
    72/149   0.04777   0.02336  0.007901   0.07903        42       512    0.6023    0.4823    0.4928    0.2056   0.04608   0.02061  0.005336
    73/149   0.04744   0.02316  0.007716   0.07832        84       512    0.5876    0.5222    0.4914    0.2176    0.0477   0.01981  0.004588
    74/149   0.04876   0.02418  0.007519   0.08046        48       512    0.5241    0.4907    0.4471    0.1837   0.04849   0.02022   0.00586
    75/149   0.04807     0.023  0.008478   0.07955        47       512    0.5306    0.5487    0.5019    0.2046   0.04641   0.01946  0.004866
    76/149   0.04697   0.02213  0.007412   0.07652        44       512    0.5704    0.5516    0.5101    0.2222   0.04599   0.02061  0.004688
    77/149   0.04695   0.02369  0.006454   0.07709       114       512    0.5735    0.5527    0.5103    0.2136   0.04441   0.02027  0.004305
    78/149   0.04658    0.0218  0.007307   0.07569        81       512    0.5304    0.5194    0.4909    0.2055     0.046   0.01922  0.004863
    79/149   0.04626   0.02254  0.006584   0.07538        56       512     0.615    0.5318    0.5151    0.2291    0.0449   0.01969  0.005001
    80/149   0.04581    0.0228  0.006476   0.07509        68       512    0.5893    0.5615    0.5125    0.2278   0.04418   0.01902  0.004429
    81/149   0.04446   0.02203  0.006331   0.07282       122       512    0.6218    0.5539    0.5395    0.2382   0.04353   0.01889  0.004385
    82/149   0.04536   0.02144  0.006018   0.07282       103       512    0.6104    0.5306    0.5354     0.226   0.04454   0.01908  0.004348
    83/149   0.04518   0.02101   0.00647   0.07266        40       512     0.607     0.573    0.5391    0.2469   0.04282   0.01882  0.003973
    84/149     0.045   0.02132  0.006429   0.07275        64       512    0.6385    0.4927    0.4973     0.206   0.04503   0.01964  0.005014
    85/149   0.04437    0.0213  0.005584   0.07125        75       512    0.6032    0.5689    0.5342    0.2337   0.04403    0.0182   0.00368
    86/149    0.0424   0.02065  0.005379   0.06843        77       512    0.5996    0.5869    0.5515    0.2447   0.04311   0.01822  0.004423
    87/149   0.04266   0.02192  0.005744   0.07032        90       512    0.5879    0.5675    0.5305    0.2421   0.04141   0.01815  0.003622
    88/149   0.04356    0.0212  0.005719   0.07048        52       512    0.6667    0.5235    0.5375    0.2331   0.04387   0.01831  0.003664
    89/149   0.04337   0.02109  0.004759   0.06922        65       512    0.6957    0.5178      0.53    0.2433   0.04173   0.01784  0.003749
    90/149   0.04365   0.02144  0.005259   0.07035        94       512     0.622    0.5637    0.5609    0.2478   0.04219    0.0187   0.00396
    91/149    0.0432   0.02167  0.005221   0.07008       168       512     0.593    0.5572    0.5328    0.2416   0.04293   0.01827  0.003471
    92/149    0.0427   0.02138  0.005153   0.06923        61       512    0.6653    0.5251    0.5357    0.2332   0.04342   0.01849  0.005102
    93/149   0.04235   0.02112  0.005047   0.06852        58       512    0.6335    0.5458    0.5348    0.2462   0.04165   0.01882  0.003904
    94/149   0.04208   0.02089  0.004831   0.06781        60       512    0.5942    0.5962    0.5555     0.255   0.04073   0.01754  0.003557
    95/149    0.0418   0.01897  0.005265   0.06603        55       512    0.5892    0.5764    0.5515    0.2567   0.04107   0.01766  0.003778
    96/149   0.04108   0.01978  0.004243    0.0651        56       512    0.6188    0.5985    0.5627    0.2617   0.04044   0.01728  0.003191
    97/149   0.04088   0.02095  0.004278   0.06611       101       512    0.5975    0.6229    0.5645    0.2634   0.04021   0.01762  0.003501
    98/149   0.03971   0.01962  0.004235   0.06356        72       512    0.6291    0.5508    0.5384    0.2517   0.04115   0.01767  0.003745
    99/149   0.04021   0.02153  0.003906   0.06565        95       512    0.6447    0.5857    0.5755    0.2722   0.03949   0.01742  0.003781
   100/149   0.04021    0.0208  0.004128   0.06514       101       512     0.626    0.5327    0.5165    0.2442   0.04218   0.01777  0.003526
   101/149   0.03947   0.01997  0.003854   0.06329        63       512    0.6389    0.5721     0.548    0.2569   0.04028   0.01773   0.00315
   102/149   0.03961   0.02021  0.004481    0.0643        44       512    0.6058    0.5793    0.5511    0.2698   0.03989   0.01737  0.002533
   103/149   0.03962   0.01988  0.003894   0.06339        51       512    0.6501    0.5495    0.5437    0.2523   0.04043   0.01699  0.002675
   104/149   0.03899   0.01934  0.003496   0.06182        77       512    0.6747    0.5701    0.5728    0.2826   0.03863    0.0172  0.003127
   105/149   0.03796   0.01909  0.003883   0.06093        47       512    0.6466     0.612    0.5817    0.2779   0.03985   0.01707  0.003373
   106/149   0.03895   0.02005  0.003731   0.06274        43       512    0.6614    0.5955    0.5891    0.2775   0.03926   0.01701  0.002753
   107/149    0.0392   0.01956  0.003838   0.06259        79       512     0.644    0.5654     0.563    0.2715   0.04036   0.01699  0.003839
   108/149   0.03837   0.02023  0.003427   0.06203        69       512    0.6256    0.5943    0.5687    0.2656   0.03984    0.0169  0.002805
   109/149    0.0386    0.0196  0.003437   0.06163        29       512    0.6335    0.5801    0.5463    0.2588      0.04   0.01678  0.003235
   110/149   0.03845   0.01919  0.003489   0.06112        79       512    0.6175    0.5956    0.5592    0.2763   0.03982   0.01684  0.003067
   111/149   0.03918   0.02015  0.003126   0.06245        69       512    0.5965    0.5925    0.5415    0.2631   0.03977   0.01679  0.003138
   112/149   0.03719   0.01915  0.003537   0.05988        72       512    0.6648    0.5796    0.5751    0.2719   0.03947   0.01649  0.003603
   113/149   0.03782   0.01976   0.00341   0.06099        76       512    0.6613    0.5944    0.5708     0.283    0.0392   0.01658  0.003168
   114/149   0.03814   0.01961  0.003095   0.06085        93       512    0.6529    0.5853    0.5792    0.2747   0.03948   0.01674  0.002994
   115/149   0.03727   0.01928  0.003275   0.05983        38       512    0.6775    0.5967    0.5859    0.2849   0.03891   0.01666  0.003475
   116/149   0.03737   0.01889  0.003097   0.05935        95       512    0.6666     0.599    0.5833     0.276   0.03954   0.01633  0.003476
   117/149   0.03711   0.01929    0.0032    0.0596        70       512    0.6437    0.6071    0.5749    0.2789   0.03902   0.01649  0.003383
   118/149   0.03755   0.01889  0.002783   0.05922        42       512    0.6121    0.5724    0.5371    0.2649   0.03963   0.01662   0.00324
   119/149   0.03716   0.01838  0.003169   0.05871        75       512    0.6322    0.6025    0.5667    0.2773   0.03888    0.0165  0.003369
   120/149   0.03668   0.01703   0.00298   0.05669        59       512    0.6338     0.577      0.54    0.2755   0.03962   0.01666   0.00428
   121/149   0.03716   0.01994  0.003329   0.06043        84       512    0.6261    0.6083    0.5781    0.2929   0.03857   0.01696   0.00329
   122/149   0.03645   0.01961  0.003117   0.05918        71       512    0.6803    0.5751    0.5703    0.2861   0.03813   0.01653  0.003238
   123/149   0.03648   0.01901    0.0031   0.05859        70       512    0.6612     0.579    0.5713    0.2752   0.03829   0.01667  0.002991
   124/149   0.03683   0.01925  0.002637   0.05872        92       512    0.6388    0.6368     0.592    0.2881   0.03796   0.01658  0.003815
   125/149   0.03663     0.019   0.00318   0.05881        80       512    0.6385    0.6166    0.5811     0.286   0.03828   0.01649   0.00294
   126/149   0.03602   0.01982  0.002873   0.05872        74       512     0.672     0.586    0.5749    0.2833   0.03828   0.01655  0.002546
   127/149   0.03615   0.01798  0.002859   0.05698        55       512    0.6416    0.5945    0.5749    0.2888   0.03858   0.01658  0.002849
   128/149   0.03648   0.01865  0.002755   0.05788        82       512    0.6461    0.6257    0.5885     0.294   0.03837   0.01651  0.003252
   129/149   0.03569   0.01853  0.002612   0.05683        55       512    0.6401    0.6162    0.5798    0.2897   0.03837   0.01647  0.003188
   130/149   0.03583    0.0193  0.002653   0.05778       127       512    0.6439    0.5972    0.5688    0.2859    0.0383   0.01646  0.002968
   131/149   0.03543   0.01789  0.002647   0.05597        77       512    0.6327    0.6355    0.5889    0.2925   0.03765   0.01644  0.003053
   132/149   0.03626   0.01944  0.002658   0.05835        70       512      0.65    0.6236    0.5956    0.2962   0.03805   0.01654   0.00303
   133/149   0.03516   0.01889  0.002845    0.0569        58       512    0.6506    0.6227    0.5921    0.2894   0.03777   0.01637  0.003321
   134/149   0.03515   0.01856  0.002672   0.05639        87       512    0.6585    0.6146    0.5834    0.2944    0.0379   0.01644  0.002878
   135/149   0.03537   0.01888    0.0029   0.05716        71       512    0.6408    0.6193    0.5754    0.2909   0.03798   0.01631  0.002629
   136/149   0.03474     0.018  0.002685   0.05542        70       512    0.6541    0.6069    0.5752    0.2929   0.03791   0.01617  0.002946
   137/149   0.03521   0.01897  0.002853   0.05704        96       512    0.6308    0.6306    0.5869     0.294   0.03747   0.01623  0.003019
   138/149   0.03402   0.01863  0.002528   0.05518       108       512    0.6541    0.6125    0.5822    0.2918    0.0377   0.01645  0.002656
   139/149    0.0342   0.01848  0.002599   0.05528        85       512    0.6724    0.5847    0.5664    0.2917   0.03753   0.01635  0.002933
   140/149   0.03483   0.01902  0.002569   0.05642       111       512    0.6906    0.6022    0.5939    0.2969   0.03742    0.0163  0.003092
   141/149   0.03528   0.01853  0.002523   0.05633        64       512    0.6431     0.609     0.569    0.2928   0.03747   0.01633  0.003026
   142/149   0.03465   0.01937  0.002415   0.05644        99       512    0.6471    0.6116    0.5814    0.2985   0.03705    0.0163   0.00289
   143/149    0.0348   0.01824  0.002752   0.05579        45       512    0.6308     0.638    0.5937     0.299   0.03714   0.01621  0.002935
   144/149   0.03503   0.01824  0.002606   0.05587        64       512    0.6323     0.644    0.5923    0.3021   0.03691   0.01626  0.002813
   145/149   0.03472    0.0191  0.002519   0.05634       121       512    0.6332    0.6368    0.5903    0.2974   0.03707   0.01626  0.002854
   146/149   0.03323   0.01886  0.002298   0.05439        66       512    0.6595    0.6227    0.5926    0.3004   0.03676   0.01623   0.00302
   147/149   0.03503   0.01892  0.002203   0.05615        47       512    0.6594    0.6165    0.5858    0.3026    0.0371   0.01621  0.002977
   148/149   0.03473   0.01905  0.002138   0.05592        76       512    0.6673    0.6155    0.5907    0.2985    0.0371   0.01619  0.002938
   149/149   0.03485   0.01785  0.002565   0.05527        50       512    0.6582    0.6259    0.5949    0.2956   0.03721    0.0162  0.002671
