     0/149    0.1031   0.03291   0.06361    0.1996        56       512         0         0         0         0   0.08393   0.03457   0.06201
     1/149   0.09591   0.03354   0.06207    0.1915       137       512         0         0         0         0    0.0802   0.03523   0.06044
     2/149   0.09403   0.03001    0.0607    0.1847        50       512         0         0         0         0   0.08138   0.03458    0.0593
     3/149   0.09136   0.03465   0.05908    0.1851        53       512         0         0         0         0   0.08178   0.03428   0.05868
     4/149   0.08916   0.03459   0.05854    0.1823        32       512  6.84e-05   0.03393 3.736e-05 5.042e-06   0.08023   0.03496   0.05826
     5/149   0.08918   0.03432   0.05754     0.181        60       512 0.0003858   0.03475 4.957e-05 6.247e-06   0.08469   0.03345   0.05626
     6/149   0.08679   0.03445   0.05734    0.1786        57       512 0.0002178  0.002439 2.585e-05 4.415e-06   0.09705   0.03137    0.0599
     7/149   0.08682   0.03802     0.057    0.1818        91       512 0.0002109 0.0004878 2.743e-05 5.147e-06   0.09999   0.03026   0.05943
     8/149   0.08547   0.03788   0.05662      0.18        56       512 0.0001629 0.0009756 2.997e-05 4.659e-06   0.09039   0.03172   0.05321
     9/149   0.08554   0.03537   0.05666    0.1776        85       512 0.0003729   0.03963 7.148e-05 1.169e-05   0.08685   0.03282   0.05264
    10/149   0.08407   0.03812   0.05633    0.1785        60       512    0.1009  0.002927 0.0001234 1.804e-05   0.08449   0.03339   0.05303
    11/149    0.0859    0.0371   0.05645    0.1795        78       512    0.1008  0.003902 0.0001752 2.791e-05   0.08451   0.03324   0.05313
    12/149   0.08596   0.03596   0.05599    0.1779       114       512    0.3015  0.001951 0.0002266 3.413e-05   0.08506   0.03279   0.05288
    13/149   0.08535   0.03591   0.05501    0.1763        55       512    0.2016  0.003902 0.0003352 4.726e-05   0.08322   0.03352   0.05303
    14/149   0.08532   0.03463   0.05512    0.1751        59       512    0.1009   0.01366 0.0002769 4.033e-05   0.08369   0.03338   0.05127
    15/149   0.08439    0.0357   0.05454    0.1746        44       512   0.00065   0.05832 0.0002238 3.453e-05   0.08325   0.03332   0.05147
    16/149   0.08531   0.03557   0.05452    0.1754        58       512     0.405  0.002439 0.0007657  0.000127    0.0827    0.0332   0.05177
    17/149   0.08433   0.03504    0.0538    0.1732        69       512    0.3019   0.04977  0.001013 0.0001925   0.08175   0.03346   0.04941
    18/149   0.08339   0.03721   0.05255    0.1732        84       512     0.503  0.006829  0.001247 0.0002745   0.08226   0.03304   0.04749
    19/149   0.08358   0.03461   0.05251    0.1707        98       512  0.003447   0.09994 0.0009906  0.000205   0.08378   0.03232   0.04752
    20/149   0.08268   0.03604   0.05179    0.1705        52       512    0.3162   0.01806  0.004567  0.001076   0.08093   0.03307   0.04589
    21/149   0.08286   0.03794   0.05138    0.1722        95       512     0.509   0.02491  0.004236  0.001045   0.08044   0.03266   0.04579
    22/149   0.08105   0.03571   0.05045    0.1672        71       512    0.8155   0.02148  0.009326  0.002019   0.07744   0.03336   0.04564
    23/149   0.08109   0.03597   0.04998    0.1671        57       512    0.7139   0.02542  0.009277  0.002115   0.07747   0.03318   0.04637
    24/149   0.08039   0.03435   0.04937    0.1641        55       512     0.714   0.04308  0.006375  0.001582   0.07585   0.03307   0.04441
    25/149   0.07822   0.03635   0.04902    0.1636        67       512    0.7332   0.02786   0.01728  0.004164   0.07549   0.03271    0.0433
    26/149   0.07908    0.0352   0.04699    0.1613        87       512    0.7165   0.02785  0.009353  0.002097   0.07523   0.03477   0.04259
    27/149   0.07707   0.03405   0.04817    0.1593        58       512    0.7285   0.03912   0.01852  0.005138   0.07569   0.03109    0.0433
    28/149   0.07749   0.03441   0.04799    0.1599        56       512    0.3369    0.1126   0.02426  0.006521   0.07405   0.03112   0.04513
    29/149   0.07759   0.03312   0.04776    0.1585        65       512    0.6383     0.119    0.0286  0.007536   0.07235   0.03087   0.04256
    30/149   0.07441   0.03698   0.04459     0.156        80       512    0.6713   0.07218   0.03377  0.008757   0.07482   0.03051    0.0416
    31/149   0.07429   0.03483   0.04387     0.153        48       512    0.6842   0.07811   0.05161   0.01325   0.07275   0.03108   0.04154
    32/149   0.07301   0.03487   0.04272    0.1506        82       512    0.6733   0.09378   0.05048   0.01254   0.06978   0.03419   0.04093
    33/149   0.07363   0.03341   0.04219    0.1492        31       512    0.7823    0.1027   0.06052    0.0182   0.06857   0.03131   0.03889
    34/149   0.07317   0.03451   0.04159    0.1493        35       512    0.4468      0.17   0.04139   0.01205   0.07728    0.0318   0.04411
    35/149   0.07238   0.03368   0.03905    0.1451        80       512    0.8764   0.05378     0.038   0.01104    0.0798    0.0314   0.04271
    36/149   0.07268   0.03285    0.0379    0.1434       120       512    0.4672    0.1227   0.07997   0.02181   0.07157   0.03018   0.03666
    37/149   0.07231   0.03456   0.03655    0.1434        78       512    0.7763    0.1454    0.1155   0.03093   0.07122   0.03199   0.03593
    38/149   0.07084   0.03234   0.03554    0.1387        56       512    0.4901    0.1501    0.0638   0.01737   0.07043   0.03214   0.03827
    39/149   0.07104   0.03342   0.03406    0.1385        72       512    0.6888    0.1247   0.07279   0.01867   0.06906   0.02992   0.03114
    40/149   0.07091   0.03338   0.03268     0.137        59       512    0.7104    0.1824     0.113   0.03601   0.06967   0.02862   0.03146
    41/149   0.06996     0.032   0.03096    0.1329        88       512    0.4118    0.2232     0.106   0.02498   0.06902   0.02834   0.02991
    42/149   0.06962   0.03279   0.03159     0.134        54       512    0.4664    0.2071    0.1295   0.03873    0.0655   0.02929   0.03054
    43/149   0.06843   0.03341   0.03042    0.1323        71       512    0.6446    0.2387    0.1533   0.04322   0.06516   0.02902   0.02794
    44/149   0.06649   0.03276   0.02851    0.1278        73       512    0.6173    0.1454    0.1234   0.03643   0.06498   0.02895   0.02911
    45/149   0.06589   0.03187    0.0262     0.124        70       512    0.6579    0.1923     0.132   0.04478   0.06831   0.02882   0.02776
    46/149   0.06767   0.03263   0.02751    0.1278        67       512    0.5362     0.216    0.1233   0.03042   0.06939    0.0277   0.02603
    47/149   0.06652     0.032   0.02686    0.1254       101       512    0.4433    0.2635    0.1599    0.0543   0.06324    0.0293   0.02565
    48/149   0.06554    0.0316   0.02497    0.1221        65       512     0.612    0.1876    0.1334   0.03338   0.06863   0.02917   0.03083
    49/149   0.06504   0.03067   0.02498    0.1207        73       512    0.5841    0.1956    0.1455   0.05019   0.06244   0.02913   0.02547
    50/149   0.06413   0.03099   0.02437    0.1195        48       512    0.6842    0.2166    0.2042    0.0729   0.06091   0.02811   0.02407
    51/149   0.06614   0.03193   0.02789     0.126       106       512    0.5967    0.2496    0.1913    0.0575   0.05998   0.02795   0.02465
    52/149   0.06493   0.03335     0.022    0.1203       116       512    0.6216    0.2517    0.1905   0.06054   0.06032    0.0285   0.02136
    53/149   0.06513   0.03142    0.0235    0.1201        83       512    0.5318    0.1861    0.1061   0.02834   0.07003   0.03037   0.03044
    54/149   0.06292   0.03037   0.02255    0.1158        61       512    0.6077    0.2821    0.2125   0.07519   0.05915   0.02838   0.01981
    55/149   0.06326   0.02874   0.02167    0.1137        80       512     0.341    0.2342    0.1674   0.05201   0.06794   0.02916   0.02204
    56/149   0.06341   0.02726   0.02088    0.1116        66       512    0.6424    0.2834    0.2631    0.0948   0.05845   0.02719   0.01844
    57/149   0.06125   0.02833   0.02022    0.1098        44       512    0.6625    0.2723    0.2351   0.07929   0.06088   0.02873   0.01779
    58/149   0.06213   0.03019   0.01927    0.1116       160       512    0.4607    0.2417    0.2346   0.06883   0.06193   0.02783   0.01692
    59/149   0.06214   0.02756   0.02046    0.1102        52       512    0.5878    0.2698    0.2186   0.06806    0.0644   0.03263    0.0215
    60/149   0.06152   0.02848     0.019     0.109        47       512    0.4582    0.3453     0.277   0.09484   0.05635   0.02768   0.01508
    61/149   0.06043    0.0286   0.01792    0.1069        73       512    0.5211    0.2914    0.2909   0.09717   0.05648   0.02611   0.01543
    62/149   0.05924   0.02836     0.018    0.1056        56       512    0.4452    0.2907    0.2264   0.07739    0.0586   0.02692   0.01542
    63/149   0.05969   0.02926   0.01668    0.1056        74       512    0.4704    0.3341    0.2773    0.1025   0.05573    0.0251   0.01414
    64/149   0.06002   0.02827   0.01702    0.1053        88       512    0.4722     0.346    0.2937   0.09886   0.05834   0.02644   0.01502
    65/149    0.0588    0.0279   0.01592    0.1026       127       512    0.4758    0.3298    0.2935    0.1064   0.05594   0.02547   0.01305
    66/149   0.05747   0.02859   0.01438    0.1004        65       512    0.4558    0.3669    0.3342     0.115   0.05509   0.02719   0.01063
    67/149   0.05702   0.02651   0.01468   0.09821        50       512    0.4911    0.3694    0.3217    0.1136   0.05371   0.02543   0.01039
    68/149   0.05701   0.02801    0.0145   0.09953        77       512    0.4997    0.3684    0.3359    0.1193   0.05516    0.0245   0.01041
    69/149   0.05651   0.02794   0.01405    0.0985        68       512    0.4931    0.3703    0.3259     0.117   0.05502    0.0252  0.009124
    70/149   0.05712   0.02843   0.01407   0.09962       139       512    0.5354    0.3536      0.35    0.1242   0.05533   0.02356  0.009604
    71/149   0.05666   0.02711   0.01511   0.09888        62       512    0.4763    0.3806    0.3345    0.1238   0.05407   0.02411   0.01433
    72/149   0.05628   0.02682   0.01466   0.09776        42       512    0.4923    0.3665    0.3306      0.11   0.05374   0.02493  0.009752
    73/149   0.05487   0.02722   0.01374   0.09583        84       512    0.5027    0.3809    0.3418    0.1132   0.05832   0.02544  0.009935
    74/149   0.05559   0.02818   0.01311   0.09687        48       512    0.5437    0.4056    0.4094    0.1589   0.05196   0.02385  0.008178
    75/149    0.0563   0.02671   0.01396   0.09697        47       512     0.525    0.4251    0.3878    0.1417   0.05213   0.02384   0.00872
    76/149   0.05478   0.02547   0.01215    0.0924        44       512    0.5227    0.4726    0.4148     0.144   0.05124    0.0231  0.007905
    77/149   0.05444   0.02777   0.01241   0.09462       114       512    0.5781    0.3864    0.3958    0.1417    0.0526   0.02422   0.01024
    78/149   0.05518   0.02513   0.01275   0.09306        81       512    0.5399    0.4285    0.4025    0.1629   0.05228   0.02343  0.009329
    79/149   0.05373   0.02629    0.0113   0.09132        56       512    0.5591    0.4337    0.4214    0.1567   0.05341   0.02231  0.007607
    80/149   0.05344   0.02619   0.01091   0.09055        68       512    0.6413    0.4296    0.4474    0.1777   0.05117   0.02247  0.006979
    81/149   0.05237   0.02573   0.01132   0.08942       122       512    0.5333    0.4556    0.4176    0.1617   0.05079   0.02321   0.00721
    82/149   0.05417   0.02488   0.01093   0.08998       103       512    0.5924    0.4226    0.4064    0.1526   0.04874   0.02268  0.006824
    83/149    0.0526   0.02462   0.01089   0.08811        40       512    0.5505     0.448    0.4174    0.1626   0.04962   0.02305  0.006973
    84/149    0.0522   0.02491   0.01085   0.08796        64       512    0.5593    0.4969    0.4466      0.17   0.04898   0.02175  0.005975
    85/149   0.05118   0.02468   0.01044    0.0863        75       512    0.6233    0.4498     0.452    0.1768   0.04896   0.02191  0.006062
    86/149    0.0501   0.02455   0.01041   0.08506        77       512     0.614    0.4708    0.4462    0.1876    0.0494   0.02204  0.007104
    87/149   0.05035   0.02589   0.01071   0.08696        90       512     0.565    0.4936     0.445    0.1894   0.04645   0.02158  0.006379
    88/149   0.05074   0.02501   0.01028   0.08604        52       512    0.6002    0.4244    0.4156    0.1793   0.04937   0.02164  0.005772
    89/149   0.05082   0.02498  0.009293   0.08509        65       512    0.5532    0.5151    0.4698    0.2055   0.04595   0.02161  0.005647
    90/149   0.05045   0.02514   0.01005   0.08564        94       512    0.5956    0.4487    0.4245    0.1795   0.04885   0.02193  0.008466
    91/149    0.0504   0.02549  0.009967   0.08585       168       512    0.5676    0.4991    0.4403    0.1834   0.04817   0.02159  0.007055
    92/149   0.05014   0.02528  0.009417   0.08484        61       512    0.5885    0.4954    0.4657    0.1865   0.04681   0.02147  0.005986
    93/149   0.04897    0.0248  0.009168   0.08294        58       512    0.6561     0.448    0.4594    0.1955   0.04727   0.02167  0.006445
    94/149   0.04899   0.02462  0.008965   0.08258        60       512    0.6209    0.5101    0.4801    0.2139   0.04649   0.02133  0.005637
    95/149   0.04915   0.02254  0.009796   0.08149        55       512    0.5333    0.4941    0.4775    0.1984   0.04741   0.02133  0.006172
    96/149   0.04847   0.02344  0.009138   0.08104        56       512    0.6294    0.4546    0.4673    0.1968   0.04685   0.02227  0.006506
    97/149    0.0486   0.02524   0.00871   0.08256       101       512    0.6789    0.4932    0.4988     0.214   0.04525   0.02104  0.005415
    98/149   0.04729   0.02314  0.007868   0.07829        72       512    0.5341    0.5538    0.4782    0.1993   0.04648    0.0207  0.005016
    99/149   0.04817   0.02543   0.00789   0.08149        95       512    0.6603    0.5089    0.4922    0.2087   0.04551   0.02057    0.0056
   100/149   0.04769   0.02494   0.00863   0.08126       101       512    0.6433    0.4749    0.4715    0.1949   0.04955   0.02151  0.005997
   101/149   0.04718    0.0238   0.00818   0.07917        63       512    0.6568    0.5261    0.5057    0.2157    0.0457   0.02071  0.005142
   102/149   0.04713   0.02405  0.008671   0.07985        44       512    0.5564    0.5495    0.4835    0.2106   0.04826   0.02105  0.005273
   103/149   0.04782   0.02383   0.00807   0.07972        51       512    0.6115    0.5318    0.5065    0.2129   0.04467   0.02041  0.004859
   104/149    0.0468   0.02313  0.007418   0.07734        77       512    0.6237    0.5453    0.5094    0.2248   0.04409   0.02036  0.005034
   105/149   0.04533   0.02299  0.007991   0.07631        47       512    0.5974    0.5143    0.5042    0.2287   0.04459   0.02071  0.004489
   106/149    0.0465   0.02421   0.00813   0.07884        43       512    0.5734     0.562    0.5176     0.227   0.04519   0.02007  0.004831
   107/149   0.04699   0.02345  0.007929   0.07837        79       512    0.6621    0.5167    0.5084     0.224   0.04532   0.02023  0.004676
   108/149    0.0459   0.02391  0.007231   0.07703        69       512    0.5976    0.5441    0.4921    0.2115   0.04718   0.02091  0.005575
   109/149   0.04663    0.0236  0.007579   0.07781        29       512    0.5355    0.5431    0.4972    0.2225   0.04484   0.02012  0.004664
   110/149   0.04651   0.02293  0.006911   0.07636        79       512    0.6529    0.5333    0.5182    0.2254   0.04539   0.01994  0.004412
   111/149   0.04651   0.02427  0.006915    0.0777        69       512    0.6296     0.508    0.5127    0.2277   0.04523   0.01982  0.004308
   112/149   0.04486   0.02293  0.007318   0.07511        72       512    0.6118    0.5578    0.5245    0.2297   0.04365   0.01984  0.004392
   113/149   0.04479   0.02379  0.006747   0.07532        76       512    0.5677    0.5807    0.5308    0.2344   0.04331   0.02026  0.004291
   114/149   0.04518    0.0232   0.00668   0.07506        93       512    0.6022    0.5679    0.5292    0.2273   0.04319   0.02017   0.00414
   115/149   0.04491   0.02304  0.007361   0.07532        38       512    0.5968    0.5399    0.5071     0.225   0.04441   0.02012  0.004386
   116/149   0.04464   0.02279  0.006628   0.07407        95       512    0.5844    0.5268     0.495    0.2118   0.04533   0.01976  0.004551
   117/149   0.04523   0.02311  0.007307   0.07565        70       512     0.616    0.5243    0.5066    0.2283   0.04354   0.02071  0.005766
   118/149   0.04541    0.0228  0.007046   0.07526        42       512    0.5679    0.5578    0.5182    0.2283   0.04333   0.01992  0.004244
   119/149   0.04463   0.02236  0.007112    0.0741        75       512    0.5997    0.5465    0.5191    0.2332   0.04288   0.01975  0.004175
   120/149   0.04431   0.02061  0.006886    0.0718        59       512     0.599    0.5371    0.5183     0.232   0.04312   0.01993  0.004126
   121/149   0.04455   0.02371  0.007117   0.07538        84       512    0.6559    0.5261     0.513    0.2309   0.04273   0.02003  0.004614
   122/149   0.04417   0.02361  0.006971   0.07475        71       512    0.5919    0.5504    0.5158    0.2387   0.04231   0.01973  0.004105
   123/149   0.04457   0.02306  0.006774    0.0744        70       512    0.5907    0.5538    0.5139    0.2379   0.04304    0.0198  0.004849
   124/149    0.0446   0.02313  0.006569    0.0743        92       512    0.6031    0.5581    0.5227    0.2414   0.04298   0.01995  0.004345
   125/149   0.04414   0.02313  0.006944   0.07422        80       512    0.6203    0.5583    0.5283    0.2428   0.04291   0.01969  0.004043
   126/149   0.04448   0.02384  0.006375    0.0747        74       512    0.6267     0.546    0.5411    0.2427   0.04259   0.01965   0.00384
   127/149   0.04309   0.02158  0.006054   0.07073        55       512    0.5833    0.5729    0.5305    0.2401   0.04309   0.01948  0.003851
   128/149   0.04442   0.02252  0.006443   0.07338        82       512    0.6347    0.5462    0.5396    0.2429   0.04269   0.01959  0.003849
   129/149   0.04278   0.02226  0.006264   0.07131        55       512    0.6504    0.5362    0.5288    0.2445   0.04312   0.01963  0.003824
   130/149   0.04341    0.0233  0.006169   0.07288       127       512    0.6514    0.5324    0.5214    0.2372   0.04289   0.01963  0.004152
   131/149   0.04322   0.02141  0.006433   0.07107        77       512    0.5749    0.5842    0.5362    0.2461   0.04216   0.01939  0.003967
   132/149   0.04348   0.02358  0.006216   0.07328        70       512    0.6229    0.5517    0.5291    0.2471   0.04223   0.01946    0.0039
   133/149   0.04257   0.02262  0.006507   0.07169        58       512    0.5885    0.5898    0.5399    0.2466   0.04227   0.01949  0.003852
   134/149   0.04276   0.02274  0.006411   0.07191        87       512    0.6063    0.5762    0.5393    0.2509   0.04229   0.01936  0.003887
   135/149   0.04294   0.02272  0.006697   0.07237        71       512    0.6361    0.5546    0.5403    0.2429   0.04281   0.01938  0.003795
   136/149   0.04215   0.02162  0.006043   0.06981        70       512     0.619    0.5563    0.5295    0.2501   0.04247   0.01932  0.003787
   137/149   0.04331   0.02273  0.006527   0.07257        96       512    0.6443    0.5565    0.5455    0.2459   0.04178   0.01932  0.003708
   138/149   0.04142   0.02245  0.005548   0.06942       108       512     0.602     0.576    0.5404    0.2428   0.04249   0.01945  0.003837
   139/149   0.04167   0.02234  0.005993   0.07001        85       512    0.6586    0.5633    0.5432    0.2469   0.04188   0.01945  0.003817
   140/149   0.04212   0.02282  0.006006   0.07095       111       512     0.621    0.5814     0.543    0.2469   0.04196   0.01943  0.003768
   141/149   0.04303   0.02244  0.006204   0.07168        64       512    0.6438    0.5635    0.5389    0.2422   0.04197    0.0193  0.003744
   142/149    0.0423   0.02319  0.005845   0.07133        99       512    0.6363    0.5566    0.5343    0.2468   0.04169   0.01932  0.003719
   143/149   0.04243   0.02187  0.007017   0.07132        45       512    0.6299    0.5565    0.5372    0.2466    0.0424   0.01948  0.003837
   144/149   0.04253   0.02214  0.006424   0.07109        64       512    0.6378    0.5741    0.5406    0.2454   0.04193   0.01942  0.003734
   145/149   0.04248   0.02293   0.00588   0.07128       121       512     0.632    0.5727    0.5463    0.2528   0.04174   0.01933  0.003626
   146/149   0.04102    0.0228  0.005963   0.06978        66       512    0.6327    0.5721    0.5428     0.252   0.04155   0.01926  0.003631
   147/149   0.04278   0.02252  0.005508    0.0708        47       512     0.599     0.581    0.5374    0.2493   0.04178   0.01925  0.003622
   148/149   0.04205   0.02308  0.005662   0.07079        76       512    0.6054    0.5741    0.5357    0.2484   0.04179    0.0193  0.003688
   149/149   0.04253   0.02151  0.005977   0.07002        50       512    0.6446    0.5575    0.5382    0.2475   0.04183   0.01928  0.003642
